383.000000 886.000000 0
777.000000 915.000000 1
793.000000 335.000000 2
386.000000 492.000000 4
649.000000 421.000000 4
362.000000 27.000000 3
690.000000 59.000000 2
763.000000 926.000000 1
540.000000 426.000000 4
172.000000 736.000000 0
211.000000 368.000000 3
567.000000 429.000000 4
782.000000 530.000000 1
862.000000 123.000000 2
67.000000 135.000000 3
929.000000 802.000000 1
22.000000 58.000000 3
69.000000 167.000000 3
393.000000 456.000000 4
11.000000 42.000000 3
229.000000 373.000000 3
421.000000 919.000000 0
784.000000 537.000000 1
198.000000 324.000000 3
315.000000 370.000000 3
413.000000 526.000000 4
91.000000 980.000000 0
956.000000 873.000000 1
862.000000 170.000000 2
996.000000 281.000000 2
305.000000 925.000000 0
84.000000 327.000000 3
336.000000 505.000000 4
846.000000 729.000000 1
313.000000 857.000000 0
124.000000 895.000000 0
582.000000 545.000000 4
814.000000 367.000000 2
434.000000 364.000000 4
43.000000 750.000000 0
87.000000 808.000000 0
276.000000 178.000000 3
788.000000 584.000000 1
403.000000 651.000000 4
754.000000 399.000000 2
932.000000 60.000000 2
676.000000 368.000000 2
739.000000 12.000000 2
226.000000 586.000000 0
94.000000 539.000000 0
795.000000 570.000000 1
434.000000 378.000000 4
467.000000 601.000000 4
97.000000 902.000000 0
317.000000 492.000000 4
652.000000 756.000000 1
301.000000 280.000000 3
286.000000 441.000000 4
865.000000 689.000000 1
444.000000 619.000000 4
440.000000 729.000000 0
31.000000 117.000000 3
97.000000 771.000000 0
481.000000 675.000000 4
709.000000 927.000000 1
567.000000 856.000000 1
497.000000 353.000000 4
586.000000 965.000000 1
306.000000 683.000000 0
219.000000 624.000000 0
528.000000 871.000000 1
732.000000 829.000000 1
503.000000 19.000000 2
270.000000 368.000000 3
708.000000 715.000000 1
340.000000 149.000000 3
796.000000 723.000000 1
618.000000 245.000000 2
846.000000 451.000000 2
921.000000 555.000000 1
379.000000 488.000000 4
764.000000 228.000000 2
841.000000 350.000000 2
193.000000 500.000000 3
34.000000 764.000000 0
124.000000 914.000000 0
987.000000 856.000000 1
743.000000 491.000000 4
227.000000 365.000000 3
859.000000 936.000000 1
432.000000 551.000000 4
437.000000 228.000000 3
275.000000 407.000000 3
474.000000 121.000000 3
858.000000 395.000000 2
29.000000 237.000000 3
235.000000 793.000000 0
818.000000 428.000000 2
143.000000 11.000000 3
928.000000 529.000000 1
776.000000 404.000000 2
443.000000 763.000000 0
613.000000 538.000000 4
606.000000 840.000000 1
904.000000 818.000000 1
128.000000 688.000000 0
369.000000 917.000000 0
917.000000 996.000000 1
324.000000 743.000000 0
470.000000 183.000000 3
490.000000 499.000000 4
772.000000 725.000000 1
644.000000 590.000000 4
505.000000 139.000000 2
954.000000 786.000000 1
669.000000 82.000000 2
542.000000 464.000000 4
197.000000 507.000000 3
355.000000 804.000000 0
348.000000 611.000000 4
622.000000 828.000000 1
299.000000 343.000000 3
746.000000 568.000000 1
340.000000 422.000000 4
311.000000 810.000000 0
605.000000 801.000000 1
661.000000 730.000000 1
878.000000 305.000000 2
320.000000 736.000000 0
444.000000 626.000000 4
522.000000 465.000000 4
708.000000 416.000000 2
282.000000 258.000000 3
924.000000 637.000000 1
62.000000 624.000000 0
600.000000 36.000000 2
452.000000 899.000000 0
379.000000 550.000000 4
468.000000 71.000000 3
973.000000 131.000000 2
881.000000 930.000000 1
933.000000 894.000000 1
660.000000 163.000000 2
199.000000 981.000000 0
899.000000 996.000000 1
959.000000 773.000000 1
813.000000 668.000000 1
190.000000 95.000000 3
926.000000 466.000000 2
84.000000 340.000000 3
90.000000 684.000000 0
376.000000 542.000000 4
936.000000 107.000000 2
445.000000 756.000000 0
179.000000 418.000000 3
887.000000 412.000000 2
348.000000 172.000000 3
659.000000 9.000000 2
336.000000 210.000000 3
342.000000 587.000000 4
206.000000 301.000000 3
713.000000 372.000000 2
321.000000 255.000000 3
819.000000 599.000000 1
721.000000 904.000000 1
939.000000 811.000000 1
940.000000 667.000000 1
705.000000 228.000000 2
127.000000 150.000000 3
984.000000 658.000000 1
920.000000 224.000000 2
422.000000 269.000000 3
396.000000 81.000000 3
630.000000 84.000000 2
292.000000 972.000000 0
672.000000 850.000000 1
625.000000 385.000000 4
222.000000 299.000000 3
640.000000 42.000000 2
898.000000 713.000000 1
298.000000 190.000000 3
524.000000 590.000000 4
209.000000 581.000000 0
819.000000 336.000000 2
732.000000 155.000000 2
994.000000 4.000000 2
379.000000 769.000000 0
273.000000 776.000000 0
850.000000 255.000000 2
860.000000 142.000000 2
579.000000 884.000000 1
993.000000 205.000000 2
621.000000 567.000000 4
504.000000 613.000000 4
961.000000 754.000000 1
326.000000 259.000000 3
944.000000 202.000000 2
202.000000 506.000000 3
784.000000 21.000000 2
842.000000 868.000000 1
528.000000 189.000000 2
872.000000 908.000000 1
958.000000 498.000000 1
36.000000 808.000000 0
753.000000 248.000000 2
303.000000 333.000000 3
133.000000 648.000000 0
890.000000 754.000000 1
567.000000 746.000000 1
368.000000 529.000000 4
500.000000 46.000000 2
788.000000 797.000000 1
249.000000 990.000000 0
303.000000 33.000000 3
363.000000 497.000000 4
253.000000 892.000000 0
686.000000 125.000000 2
152.000000 996.000000 0
975.000000 188.000000 2
157.000000 729.000000 0
436.000000 460.000000 4
414.000000 921.000000 0
460.000000 304.000000 4
28.000000 27.000000 3
50.000000 748.000000 0
556.000000 902.000000 1
794.000000 697.000000 1
699.000000 43.000000 2
39.000000 2.000000 3
428.000000 403.000000 4
500.000000 681.000000 4
647.000000 538.000000 4
159.000000 151.000000 3
535.000000 134.000000 2
339.000000 692.000000 0
215.000000 127.000000 3
504.000000 629.000000 4
49.000000 964.000000 0
285.000000 429.000000 3
343.000000 335.000000 3
177.000000 900.000000 0
238.000000 971.000000 0
949.000000 289.000000 2
367.000000 988.000000 0
292.000000 795.000000 0
743.000000 144.000000 2
829.000000 390.000000 2
682.000000 340.000000 2
541.000000 569.000000 4
826.000000 232.000000 2
261.000000 42.000000 3
360.000000 117.000000 3
23.000000 761.000000 0
81.000000 309.000000 3
190.000000 425.000000 3
996.000000 367.000000 2
677.000000 234.000000 2
690.000000 626.000000 1
524.000000 57.000000 2
614.000000 168.000000 2
205.000000 358.000000 3
312.000000 386.000000 3
100.000000 346.000000 3
726.000000 994.000000 1
916.000000 552.000000 1
578.000000 529.000000 4
946.000000 290.000000 2
647.000000 970.000000 1
51.000000 80.000000 3
631.000000 593.000000 4
857.000000 627.000000 1
312.000000 886.000000 0
214.000000 355.000000 3
512.000000 90.000000 2
412.000000 479.000000 4
610.000000 969.000000 1
189.000000 274.000000 3
355.000000 641.000000 4
620.000000 433.000000 4
987.000000 888.000000 1
338.000000 566.000000 4
770.000000 284.000000 2
856.000000 417.000000 2
606.000000 260.000000 2
849.000000 237.000000 2
205.000000 59.000000 3
217.000000 518.000000 4
945.000000 783.000000 1
873.000000 458.000000 2
873.000000 637.000000 1
289.000000 483.000000 4
607.000000 478.000000 4
757.000000 314.000000 2
471.000000 729.000000 4
100.000000 459.000000 3
618.000000 438.000000 4
25.000000 388.000000 3
74.000000 233.000000 3
157.000000 681.000000 0
493.000000 358.000000 4
270.000000 699.000000 0
417.000000 839.000000 0
569.000000 363.000000 4
622.000000 794.000000 1
173.000000 847.000000 0
431.000000 462.000000 4
682.000000 390.000000 2
292.000000 791.000000 0
57.000000 115.000000 3
521.000000 157.000000 2
574.000000 491.000000 4
947.000000 951.000000 1
231.000000 21.000000 3
537.000000 740.000000 4
54.000000 30.000000 3
98.000000 325.000000 3
81.000000 516.000000 3
516.000000 2.000000 2
231.000000 139.000000 3
796.000000 404.000000 2
338.000000 580.000000 4
218.000000 21.000000 3
970.000000 862.000000 1
812.000000 379.000000 2
977.000000 685.000000 1
536.000000 904.000000 1
176.000000 483.000000 3
207.000000 759.000000 0
857.000000 744.000000 1
499.000000 911.000000 0
127.000000 950.000000 0
236.000000 560.000000 0
818.000000 105.000000 2
563.000000 49.000000 2
244.000000 711.000000 0
805.000000 934.000000 1
291.000000 375.000000 3
955.000000 614.000000 1
589.000000 768.000000 1
993.000000 918.000000 1
805.000000 882.000000 1
822.000000 982.000000 1
717.000000 30.000000 2
93.000000 574.000000 0
126.000000 593.000000 0
486.000000 253.000000 4
543.000000 74.000000 2
814.000000 713.000000 1
179.000000 377.000000 3
762.000000 775.000000 1
88.000000 919.000000 0
710.000000 732.000000 1
294.000000 17.000000 3
346.000000 235.000000 3
137.000000 691.000000 0
153.000000 943.000000 0
573.000000 328.000000 4
925.000000 291.000000 2
710.000000 18.000000 2
217.000000 836.000000 0
963.000000 55.000000 2
90.000000 858.000000 0
130.000000 904.000000 0
571.000000 661.000000 4
633.000000 685.000000 1
789.000000 73.000000 2
604.000000 851.000000 1
805.000000 250.000000 2
868.000000 503.000000 1
485.000000 6.000000 3
195.000000 639.000000 0
949.000000 120.000000 2
967.000000 226.000000 2
763.000000 677.000000 1
596.000000 981.000000 1
865.000000 560.000000 1
36.000000 955.000000 0
770.000000 518.000000 1
211.000000 342.000000 3
532.000000 196.000000 2
379.000000 321.000000 3
270.000000 984.000000 0
172.000000 427.000000 3
234.000000 40.000000 3
283.000000 72.000000 3
398.000000 830.000000 0
63.000000 347.000000 3
950.000000 30.000000 2
573.000000 714.000000 4
59.000000 522.000000 0
47.000000 924.000000 0
82.000000 435.000000 3
232.000000 204.000000 3
954.000000 443.000000 2
898.000000 486.000000 2
640.000000 278.000000 2
159.000000 262.000000 3
262.000000 683.000000 0
41.000000 848.000000 0
723.000000 324.000000 2
272.000000 122.000000 3
154.000000 335.000000 3
821.000000 457.000000 2
365.000000 747.000000 0
171.000000 776.000000 0
269.000000 218.000000 3
701.000000 703.000000 1
653.000000 933.000000 1
907.000000 959.000000 1
728.000000 806.000000 1
797.000000 720.000000 1
84.000000 308.000000 3
334.000000 698.000000 0
991.000000 376.000000 2
898.000000 715.000000 1
52.000000 171.000000 3
189.000000 559.000000 0
506.000000 10.000000 2
16.000000 224.000000 3
109.000000 539.000000 0
0.000000 378.000000 3
109.000000 53.000000 3
81.000000 114.000000 3
338.000000 989.000000 0
426.000000 67.000000 3
147.000000 223.000000 3
787.000000 231.000000 2
532.000000 122.000000 2
281.000000 875.000000 0
850.000000 179.000000 2
590.000000 254.000000 2
350.000000 131.000000 3
813.000000 857.000000 1
494.000000 181.000000 2
81.000000 603.000000 0
720.000000 433.000000 2
982.000000 181.000000 2
487.000000 415.000000 4
296.000000 825.000000 0
404.000000 722.000000 0
892.000000 551.000000 1
297.000000 32.000000 3
134.000000 181.000000 3
506.000000 415.000000 4
57.000000 708.000000 0
595.000000 999.000000 1
962.000000 297.000000 2
483.000000 776.000000 0
154.000000 977.000000 0
309.000000 587.000000 4
932.000000 382.000000 2
21.000000 266.000000 3
563.000000 860.000000 1
682.000000 211.000000 2
685.000000 86.000000 2
285.000000 930.000000 0
990.000000 583.000000 1
314.000000 476.000000 4
116.000000 820.000000 0
892.000000 525.000000 1
528.000000 839.000000 1
525.000000 490.000000 4
136.000000 360.000000 3
618.000000 643.000000 4
337.000000 928.000000 0
582.000000 621.000000 4
310.000000 955.000000 0
888.000000 225.000000 2
815.000000 570.000000 1
437.000000 853.000000 0
8.000000 722.000000 0
783.000000 350.000000 2
657.000000 97.000000 2
827.000000 126.000000 2
269.000000 71.000000 3
651.000000 149.000000 2
910.000000 528.000000 1
639.000000 398.000000 4
888.000000 610.000000 1
393.000000 577.000000 4
890.000000 976.000000 1
199.000000 552.000000 0
931.000000 87.000000 2
777.000000 99.000000 2
657.000000 566.000000 4
952.000000 17.000000 2
641.000000 735.000000 1
368.000000 298.000000 3
184.000000 195.000000 3
776.000000 805.000000 1
266.000000 428.000000 3
954.000000 528.000000 1
308.000000 593.000000 4
278.000000 197.000000 3
555.000000 672.000000 4
774.000000 445.000000 2
0.000000 325.000000 3
997.000000 283.000000 2
412.000000 127.000000 3
382.000000 421.000000 4
693.000000 334.000000 2
439.000000 334.000000 4
421.000000 159.000000 3
985.000000 957.000000 1
354.000000 761.000000 0
762.000000 972.000000 1
541.000000 716.000000 4
852.000000 850.000000 1
662.000000 482.000000 4
399.000000 217.000000 3
154.000000 173.000000 3
15.000000 506.000000 3
851.000000 364.000000 2
790.000000 263.000000 2
491.000000 172.000000 2
37.000000 537.000000 0
859.000000 828.000000 1
871.000000 280.000000 2
987.000000 856.000000 1
590.000000 341.000000 4
970.000000 352.000000 2
665.000000 511.000000 4
69.000000 517.000000 3
361.000000 83.000000 3
351.000000 112.000000 3
300.000000 506.000000 4
638.000000 667.000000 1
364.000000 489.000000 4
32.000000 154.000000 3
104.000000 875.000000 0
679.000000 141.000000 2
412.000000 538.000000 4
969.000000 636.000000 1
170.000000 956.000000 0
844.000000 760.000000 1
649.000000 814.000000 1
465.000000 314.000000 4
326.000000 886.000000 0
183.000000 39.000000 3
969.000000 535.000000 1
152.000000 621.000000 0
393.000000 790.000000 0
289.000000 109.000000 3
631.000000 673.000000 1
264.000000 735.000000 0
548.000000 295.000000 4
877.000000 313.000000 2
833.000000 198.000000 2
949.000000 355.000000 2
155.000000 793.000000 0
468.000000 156.000000 3
960.000000 933.000000 1
823.000000 286.000000 2
171.000000 358.000000 3
677.000000 140.000000 2
245.000000 181.000000 3
761.000000 990.000000 1
323.000000 50.000000 3
100.000000 954.000000 0
75.000000 364.000000 3
42.000000 624.000000 0
659.000000 919.000000 1
289.000000 844.000000 0
469.000000 238.000000 3
551.000000 976.000000 1
383.000000 19.000000 3
133.000000 343.000000 3
304.000000 956.000000 0
981.000000 475.000000 2
666.000000 11.000000 2
967.000000 912.000000 1
192.000000 729.000000 0
902.000000 868.000000 1
131.000000 2.000000 3
174.000000 207.000000 3
718.000000 216.000000 2
183.000000 377.000000 3
487.000000 472.000000 4
573.000000 957.000000 1
62.000000 125.000000 3
933.000000 797.000000 1
496.000000 418.000000 4
141.000000 153.000000 3
726.000000 474.000000 4
980.000000 393.000000 2
485.000000 948.000000 0
305.000000 30.000000 3
29.000000 559.000000 0
898.000000 160.000000 2
562.000000 424.000000 4
719.000000 280.000000 2
641.000000 902.000000 1
10.000000 480.000000 3
726.000000 583.000000 1
789.000000 140.000000 2
708.000000 723.000000 1
938.000000 557.000000 1
493.000000 431.000000 4
710.000000 220.000000 2
905.000000 690.000000 1
613.000000 391.000000 4
638.000000 270.000000 2
421.000000 667.000000 4
829.000000 671.000000 1
180.000000 743.000000 0
95.000000 899.000000 0
24.000000 88.000000 3
154.000000 386.000000 3
569.000000 232.000000 2
969.000000 710.000000 1
373.000000 30.000000 3
433.000000 663.000000 4
587.000000 279.000000 2
94.000000 649.000000 0
499.000000 351.000000 4
339.000000 464.000000 4
742.000000 330.000000 2
86.000000 515.000000 3
349.000000 915.000000 0
186.000000 881.000000 0
11.000000 634.000000 0
133.000000 387.000000 3
722.000000 287.000000 2
773.000000 643.000000 1
519.000000 742.000000 4
354.000000 244.000000 3
124.000000 139.000000 3
259.000000 63.000000 3
418.000000 353.000000 4
712.000000 269.000000 2
705.000000 404.000000 2
733.000000 799.000000 1
734.000000 819.000000 1
315.000000 435.000000 4
87.000000 853.000000 0
669.000000 450.000000 4
487.000000 802.000000 0
837.000000 562.000000 1
89.000000 610.000000 0
205.000000 960.000000 0
704.000000 911.000000 1
557.000000 829.000000 1
403.000000 816.000000 0
892.000000 821.000000 1
522.000000 605.000000 4
443.000000 579.000000 4
361.000000 528.000000 4
378.000000 447.000000 4
700.000000 45.000000 2
882.000000 787.000000 1
899.000000 551.000000 1
589.000000 386.000000 4
353.000000 426.000000 4
948.000000 794.000000 1
36.000000 506.000000 3
107.000000 92.000000 3
417.000000 664.000000 4
921.000000 820.000000 1
480.000000 166.000000 3
994.000000 354.000000 2
123.000000 437.000000 3
933.000000 484.000000 2
317.000000 312.000000 3
931.000000 17.000000 2
709.000000 165.000000 2
156.000000 608.000000 0
69.000000 745.000000 0
995.000000 422.000000 2
171.000000 295.000000 3
569.000000 559.000000 4
801.000000 676.000000 1
652.000000 571.000000 4
340.000000 925.000000 0
743.000000 172.000000 2
91.000000 89.000000 3
527.000000 566.000000 4
878.000000 812.000000 1
50.000000 196.000000 3
124.000000 333.000000 3
213.000000 186.000000 3
499.000000 370.000000 4
794.000000 568.000000 1
115.000000 141.000000 3
342.000000 639.000000 0
437.000000 263.000000 3
198.000000 590.000000 0
939.000000 202.000000 2
513.000000 631.000000 4
128.000000 257.000000 3
804.000000 571.000000 1
346.000000 683.000000 0
138.000000 225.000000 3
495.000000 540.000000 4
421.000000 972.000000 0
226.000000 634.000000 0
158.000000 725.000000 0
356.000000 952.000000 0
645.000000 472.000000 4
446.000000 339.000000 4
111.000000 883.000000 0
603.000000 661.000000 4
825.000000 542.000000 1
216.000000 339.000000 3
174.000000 344.000000 3
596.000000 330.000000 2
267.000000 294.000000 3
13.000000 757.000000 0
519.000000 860.000000 1
650.000000 292.000000 2
832.000000 876.000000 1
279.000000 990.000000 0
953.000000 635.000000 1
295.000000 598.000000 0
107.000000 741.000000 0
937.000000 570.000000 1
976.000000 540.000000 1
584.000000 801.000000 1
83.000000 800.000000 0
492.000000 609.000000 4
496.000000 440.000000 4
939.000000 763.000000 1
735.000000 304.000000 2
873.000000 606.000000 1
164.000000 523.000000 0
251.000000 349.000000 3
751.000000 530.000000 1
339.000000 704.000000 0
165.000000 986.000000 0
302.000000 625.000000 0
79.000000 591.000000 0
547.000000 407.000000 4
484.000000 131.000000 3
561.000000 919.000000 1
931.000000 53.000000 2
528.000000 427.000000 4
494.000000 819.000000 0
543.000000 581.000000 4
123.000000 768.000000 0
187.000000 639.000000 0
643.000000 438.000000 4
988.000000 394.000000 2
320.000000 680.000000 0
98.000000 486.000000 3
18.000000 752.000000 0
463.000000 98.000000 3
695.000000 10.000000 2
505.000000 179.000000 2
142.000000 66.000000 3
98.000000 425.000000 3
472.000000 978.000000 0
853.000000 966.000000 1
797.000000 748.000000 1
547.000000 272.000000 2
516.000000 86.000000 2
912.000000 159.000000 2
877.000000 900.000000 1
553.000000 197.000000 2
932.000000 3.000000 2
35.000000 951.000000 0
107.000000 498.000000 3
49.000000 154.000000 3
861.000000 906.000000 1
334.000000 3.000000 3
325.000000 784.000000 0
428.000000 797.000000 0
763.000000 633.000000 1
115.000000 560.000000 0
381.000000 14.000000 3
185.000000 897.000000 0
100.000000 97.000000 3
408.000000 329.000000 4
349.000000 313.000000 3
879.000000 634.000000 1
316.000000 914.000000 0
585.000000 775.000000 1
765.000000 986.000000 1
930.000000 626.000000 1
892.000000 616.000000 1
629.000000 569.000000 4
752.000000 409.000000 2
366.000000 515.000000 4
395.000000 833.000000 0
428.000000 776.000000 0
847.000000 613.000000 1
26.000000 300.000000 3
62.000000 786.000000 0
629.000000 763.000000 1
100.000000 508.000000 3
397.000000 416.000000 4
775.000000 982.000000 1
544.000000 540.000000 4
320.000000 826.000000 0
518.000000 565.000000 4
794.000000 499.000000 1
134.000000 546.000000 0
908.000000 853.000000 1
62.000000 303.000000 3
686.000000 842.000000 1
432.000000 534.000000 4
807.000000 810.000000 1
834.000000 869.000000 1
596.000000 815.000000 1
984.000000 696.000000 1
324.000000 382.000000 3
465.000000 451.000000 4
716.000000 361.000000 2
343.000000 37.000000 3
187.000000 861.000000 0
602.000000 981.000000 1
360.000000 88.000000 3
879.000000 620.000000 1
941.000000 293.000000 2
924.000000 628.000000 1
135.000000 708.000000 0
162.000000 942.000000 0
870.000000 996.000000 1
163.000000 466.000000 3
811.000000 500.000000 1
515.000000 487.000000 4
234.000000 332.000000 3
290.000000 950.000000 0
693.000000 633.000000 1
339.000000 880.000000 0
494.000000 293.000000 4
213.000000 854.000000 0
382.000000 444.000000 4
475.000000 323.000000 4
738.000000 751.000000 1
951.000000 873.000000 1
811.000000 465.000000 2
168.000000 681.000000 0
813.000000 683.000000 1
499.000000 977.000000 0
535.000000 14.000000 2
464.000000 769.000000 0
346.000000 107.000000 3
72.000000 391.000000 3
740.000000 411.000000 2
623.000000 587.000000 4
57.000000 836.000000 0
793.000000 439.000000 2
281.000000 620.000000 0
114.000000 371.000000 3
371.000000 418.000000 4
596.000000 534.000000 4
883.000000 764.000000 1
567.000000 697.000000 4
800.000000 67.000000 2
674.000000 335.000000 2
433.000000 490.000000 4
457.000000 132.000000 3
949.000000 529.000000 1
523.000000 690.000000 4
292.000000 147.000000 3
629.000000 349.000000 2
335.000000 422.000000 4
140.000000 968.000000 0
43.000000 255.000000 3
339.000000 766.000000 0
25.000000 936.000000 0
653.000000 260.000000 2
52.000000 220.000000 3
957.000000 204.000000 2
287.000000 983.000000 0
540.000000 721.000000 4
826.000000 997.000000 1
205.000000 127.000000 3
878.000000 728.000000 1
169.000000 170.000000 3
227.000000 798.000000 0
520.000000 563.000000 4
221.000000 660.000000 0
883.000000 616.000000 1
267.000000 223.000000 3
382.000000 292.000000 3
511.000000 35.000000 2
553.000000 563.000000 4
608.000000 862.000000 1
768.000000 895.000000 1
198.000000 660.000000 0
968.000000 376.000000 2
9.000000 173.000000 3
503.000000 887.000000 0
254.000000 673.000000 0
57.000000 481.000000 3
823.000000 929.000000 1
396.000000 44.000000 3
942.000000 280.000000 2
12.000000 209.000000 3
855.000000 747.000000 1
854.000000 366.000000 2
134.000000 759.000000 0
281.000000 742.000000 0
973.000000 401.000000 2
638.000000 171.000000 2
413.000000 958.000000 0
899.000000 422.000000 2
484.000000 755.000000 4
661.000000 90.000000 2
780.000000 71.000000 2
923.000000 603.000000 1
0.000000 320.000000 3
0.000000 942.000000 0
952.000000 12.000000 2
504.000000 807.000000 0
759.000000 358.000000 2
525.000000 894.000000 1
117.000000 158.000000 3
636.000000 90.000000 2
560.000000 626.000000 4
614.000000 973.000000 1
937.000000 865.000000 1
748.000000 421.000000 2
620.000000 409.000000 4
863.000000 400.000000 2
832.000000 786.000000 1
4.000000 833.000000 0
458.000000 356.000000 4
127.000000 410.000000 3
368.000000 631.000000 4
569.000000 128.000000 2
341.000000 446.000000 4
374.000000 458.000000 4
605.000000 10.000000 2
901.000000 165.000000 2
989.000000 867.000000 1
490.000000 926.000000 0
732.000000 238.000000 2
699.000000 705.000000 1
0.000000 562.000000 0
457.000000 832.000000 0
348.000000 461.000000 4
17.000000 807.000000 0
169.000000 497.000000 3
569.000000 538.000000 4
128.000000 139.000000 3
18.000000 470.000000 3
585.000000 392.000000 4
280.000000 542.000000 4
754.000000 533.000000 1
707.000000 743.000000 1
400.000000 550.000000 4
21.000000 485.000000 3
788.000000 720.000000 1
190.000000 140.000000 3
634.000000 647.000000 1
325.000000 983.000000 0
461.000000 694.000000 4
142.000000 630.000000 0
191.000000 63.000000 3
520.000000 320.000000 4
554.000000 538.000000 4
142.000000 492.000000 3
930.000000 422.000000 2
34.000000 685.000000 0
308.000000 94.000000 3
780.000000 708.000000 1
644.000000 802.000000 1
545.000000 784.000000 1
522.000000 87.000000 2
925.000000 157.000000 2
735.000000 602.000000 1
492.000000 548.000000 4
296.000000 986.000000 0
530.000000 840.000000 1
49.000000 51.000000 3
512.000000 956.000000 0
589.000000 654.000000 4
448.000000 872.000000 0
428.000000 482.000000 4
557.000000 88.000000 2
576.000000 337.000000 4
797.000000 220.000000 2
139.000000 694.000000 0
5.000000 14.000000 3
782.000000 282.000000 2
523.000000 869.000000 1
236.000000 15.000000 3
417.000000 884.000000 0
353.000000 299.000000 3
724.000000 754.000000 1
350.000000 236.000000 3
710.000000 292.000000 2
242.000000 158.000000 3
164.000000 23.000000 3
641.000000 721.000000 1
111.000000 569.000000 0
410.000000 260.000000 3
790.000000 902.000000 1
955.000000 147.000000 2
916.000000 89.000000 2
781.000000 439.000000 2
958.000000 17.000000 2
806.000000 375.000000 2
901.000000 511.000000 1
674.000000 978.000000 1
265.000000 377.000000 3
566.000000 976.000000 1
669.000000 161.000000 2
134.000000 833.000000 0
